header:
  seq: 1
  stamp:
    secs: 1587484296
    nsecs: 938051083
  frame_id: "map"
poses:
  - orientation:
      w: 0.725456926782
      x: 0.0
      y: 0.0
      z: 0.688267569615
    position:
      x: 0.45000000000000284
      y: 4.050000000000004
      z: 0
  - orientation:
      w: 0.725456926782
      x: 0.0
      y: 0.0
      z: 0.688267569615
    position:
      x: 0.6500000000000057
      y: -7.449999999999996
      z: 0
  - orientation:
      w: 0.725456926782
      x: 0.0
      y: 0.0
      z: 0.688267569615
    position:
      x: 2.950000000000003
      y: 5.800000000000004
      z: 0

